927
1322
3525
8157
10379
10487
10739
11192
11194
14485
14770
17510
21538
23546
24492
25422
25424
25426
25428
25432
25452
25541
25547
25814
25816
25857
26209
26211
26213
26254
26256
26889
26899
28890
28892
31032
31130
31190
31208
31276
31368
31370
31408
33673
34311
34313
34328
34330
34332
34334
34336
34338
34340
34344
34346
34348
34350
34352
34354
34356
34358
34361
34365
34367
34369
34371
34373
34375
34377
34379
34381
34383
34409
34410
34668
35008
35869
35014
35870
35020
35871
35872
35357
36251
36432
39581
39582
40562
40563
44749
45449
44950
45431
45530
45531
46129
45609
45589
45631
45629
45635
45633
45639
45637
45643
45641
46311
46309
46315
46313
46331
46329
46471
